0.000000000000000 
0.100000000000000 
0.200000000000000 
0.300000000000000 
0.400000000000000 
0.500000000000000 
0.600000000000000 
0.700000000000000 
0.800000000000000 
0.900000000000000 
1.000000000000000 
1.100000000000000 
1.200000000000000 
1.300000000000000 
1.400000000000000 
1.500000000000000 
1.600000000000000 
1.700000000000000 
1.800000000000000 
1.900000000000001 

0.000000000000000 
0.100000001490116 
0.200000002980232 
0.300000011920929 
0.400000005960464 
0.500000000000000 
0.600000023841858 
0.700000047683716 
0.800000071525574 
0.900000095367432 
1.000000119209290 
1.100000143051147 
1.200000166893005 
1.300000190734863 
1.400000214576721 
1.500000238418579 
1.600000262260437 
1.700000286102295 
1.800000309944153 
1.900000333786011 

